xxv* ’ 1111111111111111111111511. ··¹ ' ’11111

11111115111111 1111111111 1551111111 111111 111 115· Aemilio Ludovico 1111111111 111 1. 1111
15111111111111 5115111151111111511 1151115151 3151511151111, 11111. 1.(111111111 1846. 4.) 11115-118. Nr. Χο11.,,
omisso 1111111 integro 1111111111ουί1 1111111111 ordinandorum 111111 p. 116 oq. 111111111111111111,11111111 1111111111
1111111151111 et 1111111111 in 111111 fine 11111111 111 exhibentur: ,11111 1111111 611111, 11111115 11151111111“ 11111111·
κ 1115111111111111 ordinandorum. - ,5111151111111111 115 51111111111 11511 111111, 51111511131511111511 1115 1115111 mi&

111, 111 111 511 (1111111 1111111115 11511111 11115” 111. - 111 Indico 1. 11111111ῴηί1 511115111151111111· editor (1. .
1111. 1111510.) huic 111111411111111111111111111111 1552. praeter 1111 haec adnotavit: ,1111111115 5115115111 11 .
11111111. 1551,111’11111.59 .” ’ .

111111111111111111 111111111511111111111111111111111111. Ι. Τ. {L p. 115. 111 prolegomenis 111111 refert: ,, 11115
11151111, 1111111115. (111111. 55111, 115. 1, Θ. 131., 61511511, 111111. 1111111111. 55. 1, Q. 135. 115115111111511111111
5111115511111111 11115111111511 1151 11111111 11511511115111511101511111 1111511151 511 5111111 1151111 51111151 51115 511
1111111111 1111111111 5151111 1111111511, 5116111111111511111 31511111 11111111111511111111 1111111151111
1115 5111 111511151111-51111511155111111111111115 1111 ἢ11111515111 5111111551 11115111, 511 1111111, 11111151 11111·
5111111151 ’111151111111 1115 311111 11111151 515111 1111 (1. 11115 1111111111111111151111511111115. ὅ. 111). 1111 115111
511 11115111 511 1111111 111 1151111111111111 111, 1151511111 511111, 511 511 111 15115111151115111111111 ordinandorum
51111111111111111, 115-5115111111511 11111111 1. 1.,11111111511111 5111111111111 1111 511151111111111. 111115 11111111 5111111
51151111511155111115111, mit 11111111111111151511 111151511111111151ιῦ151111 1111111111 51111111 11511111 corp. Res. 1.

vu, p. 1001. 1016. 1031. 11133. T. vm. p. 32. 1111511511511111111111511111 1111511111111111111115111115111 mor· ,

5611331ὲ1111101111111111111 111111 eccl. 1111111. 1602. p. 614. 1111111115, 1111111. 11151115. 111115151111 11111111
. .11.1.” , - ’· .

Huius 11111111111111111111111 Editio 111111 1554. integra repetita 1111 111 hacco Formula:

1115111151111 ame 11 1111 (15111115111111, 11151115116111111111, 0151111111 511 51111111 511 5111111111,
11511111511111111111111, 111 511 51115111, 1111111111, (111111111111515151111, 11111111511111511111111111
51111 11511111115111, «1111151151 1115611511 511 11111111111511 5111111111 11111115, 11511111 11115.

, 1511115111 (1115111111 51115 51111 111111. 1559. 1441111. 4. quae iterum ibidem per 1111111111 recusa 1111
annis 156511 116515) , “ , “

” 1111511111,111111111111111111111111111 1111111111511 anni 1552. aut 111111 1554. [1111110111-
11111111111 etiam 11111111111111111111111111111111111111 receptum 111, nempe

11111 111111 1111111552. 111 huces

1. in 1111111111 sucronem Ρ111111111111 1111111554. 111 inscriptam:

551511ιῦ151111 11111 11 1111 511115111111511 1111, 51111111 6151111151, 115 1111111111, 1111111111 51151· ,
111 5111111111119115111111111, 5111111111 511 5151111, 51111111 111 1115111 1115 obern 1111111 111. 1111111·
151111, 11511111 111151. (51511111 111 1111115111 51115 315111 1111 11111, 115 11111111 11111511. 1111111111. 142
1111. 4. 1111511111111 111 pute extrema Examen 011111. 11111511*·)

2. 111 Formam eac-rorum 11115111511111 1111111566. sic inscriptam:

11151111511111, 11111 11 1111 511 (1511111511 11511, 11115111 511 6111111111, 1151111511 5111111111, 1151111111
5511111511 51511111, 0151111111 511 11111111 511 5111111111, 1115 115111 511 11111111 11511151111 1111111, 111

'³ 51111111111111.1111.51111151115111111’.1.“1.51111.11.111111111111111111
atamen 5111115111115111 111. 6411. 1111111111, 11111511 511 1115151111 511 5111111 1111 11111111111, 51. 135. 511 11111. 1.
1551, 1111111511 111. 51151111111111 11511111511151151111115521111115. 1.ιῦ. 511 111111111511511111111115 11111111,
511511111111115111111111111111111111111111151151111. 51111111 5111511151111 1111 5111111111 11153111, 11111111
1515111 115111 111 1111151111 11511 1115111151. 11151111 111 1111 1557. 11111111111111111 1115 51151115111111. 11111111 11111

- 111115111111111111111111151. 11111111111111511111511115113.1565.111151566.1115111111111111111111511151111115111
111111111.” 111111111511111111111111 1565. 111 1115111111. senat 1111111111. invenitur.

⁸) 11111 kcffile 11111111151111115111151111111 511 11111. 515151151111, 5111111. 1111111111.11511.111111111. 1111. 11 11. 145.

 

